# det0 0 deg
# det1 angle, det0 counts, det1 counts, coincidence
230 40492 69578 1018
250 39795 76466 1531
260 39643 78413 1738
270 40525 79733 1791
280 40161 78395 1762
290 40166 76652 1618
310 39986 68727 1120
330 39605 59792 544
350 39377 53008 120
0 39737 51943 69
10 39694 52619 117
30 39836 57993 530
50 40043 68009 1136
70 39290 75600 1544
80 39467 78040 1775
90 39910 78904 1774
100 39911 79258 1753
110 40049 77169 1572
130 39584 69672 1096
# extra angles for S
-23 39228 56652 357
23 39088 55582 342
68 39018 74239 1604
113 39241 76752 1541


