# det0 -45 deg
# det1 angle, det0 counts, det1 counts, coincidence
230 30201 70732 217
250 30162 76219 457
270 30590 78639 776
290 30852 76227 1130
310 30632 69884 1138
320 30299 66988 1023
330 30301 62145 958
350 29947 57159 539
10 30294 55768 225
20 29975 57414 118
30 29943 60439 78
40 30167 64905 111
50 30392 68935 216
70 29859 75907 505
90 29816 79040 790
110 30083 77255 1081
120 29902 75123 1060
130 29399 70861 1069
140 30081 68023 983
# extra angles for S
113 30014 77556 1165
68 29874 75695 503
23 30258 58614 92
-23 30493 59592 874
