# det0 0 deg
# det1 angle, det0 counts, det1 counts, coincidence
230 20577 70495 242
250 20370 76958 115
260 20721 78438 72
270 20618 78759 55
280 20803 77342 74
290 20436 75931 138
310 21063 69884 328
330 20971 62276 544
350 20764 56153 608
0 20856 55088 673
10 21099 56003 626
30 20904 61323 470 
50 20909 70234 262
70 21121 77182 118
80 21727 78336 66
90 21305 80916 54
100 21680 80571 75
110 21364 78045 117 
130 21867 72082 302
# extra angles for S
-23 20336 59246 578
23 20033 57936 547
68 20345 75380 122
113 20320 76756 132
