# det0 0 deg
# det1 angle, det0 counts, det1 counts, coincidence
230 31552 67983 1197
240 31910 71160 1185
250 32296 75127 1174
270 31982 76221 920
290 31231 73503 644
310 31220 66893 241
320 30205 62951 112
330 31003 59000 101
340 30459 55236 112
350 30900 53552 242
10 30971 53055 644
30 30672 58077 1017
40 29922 61343 1187
50 30159 65649 1264
60 29647 70792 1279
70 30243 73416 1227
90 29917 76932 1011
110 30053 75198 614
130 29813 67799 247
# extra angles for S
-23 29255 56214 100
23 29614 54516 903
68 29522 72450 1188
113 29485 74544 553

