#single 0 single 1 Coincidence01 Coincidence02 Coincidence12 Coincidence012
35124 17302 4449 283 56 25 0
34088 16839 4366 267 56 31 0
34421 16883 4450 212 45 26 0
33390 16553 4265 213 52 31 0
34348 16942 4221 173 25 44 0
36518 17878 4501 098 15 59 0
34786 17238 4405 097 23 52 0
34319 17148 4391 074 16 61 0
35119 17446 4365 055 11 39 0
35019 17390 4374 058 10 46 0
36771 18084 4514 107 25 51 0
36544 17862 4536 091 24 56 0
36664 18166 4619 140 31 55 0
36244 17721 4497 133 20 50 0
35034 17309 4378 137 31 45 1
36406 17814 4526 161 31 40 0
37465 18140 4611 253 50 45 0
36332 17789 4473 233 54 36 0
36339 17708 4497 217 47 36 0
35763 17575 4444 293 46 33 2
36303 17724 4435 291 43 22 0
37569 18163 4587 309 63 35 0
36668 17911 4501 301 62 29 1
36042 17521 4415 317 61 27 0
37912 18233 4749 368 60 28 0
