#single 0 single 1 Coincidence01 Coincidence02 Coincidence12 Coincidence012
34534 17493 4483 289 66 23 0
33648 17035 4514 266 60 29 0
33697 17077 4435 279 64 16 0
34089 17286 4521 278 57 21 0
34910 17482 4612 266 58 38 1
34005 17254 4382 281 59 36 0
34648 17373 4683 283 53 38 0
33544 17084 4442 269 40 21 0
33792 17094 4338 233 44 34 0
32830 16493 4279 204 29 22 0
33980 17256 4600 186 36 33 0
33351 17033 4305 180 36 48 1
33650 17154 4341 166 21 33 0
33593 16986 4485 100 24 54 0
34152 17385 4461 073 19 44 0
34409 17160 4446 057 08 43 0
34777 17451 4582 068 10 52 0
34663 17363 4553 090 23 43 1
33500 17085 4491 106 19 42 0
33643 17032 4400 142 20 36 1
33725 17052 4302 176 32 38 0
34205 17230 4381 159 43 38 0
33256 16853 4341 184 45 39 2
33705 17228 4378 214 36 36 0
34628 17516 4400 263 59 40 0
34026 17523 4483 276 49 30 0
34110 16873 4345 276 51 26 0
33970 17410 4420 241 50 26 0
34511 17372 4371 312 56 25 0
34689 17564 4433 291 61 17 1

