Gain 1900             Gain 2500             Gain 3000             
x       y           x       y           x       y           
[m]     [A]         [m]     [A]         [m]     [A]         
0  6,287218e-10            0  8,6699375e-10            0  1,1771001e-09            
3,90625e-10  7,0017082e-10            3,90625e-10  7,2654672e-10            3,90625e-10  1,2607665e-09            
7,8125e-10  7,388342e-10            7,8125e-10  7,2585255e-10            7,8125e-10  1,3557188e-09            
1,171875e-09  7,1473414e-10            1,171875e-09  7,8968904e-10            1,171875e-09  1,4325823e-09            
1,5625e-09  7,7590164e-10            1,5625e-09  7,1314987e-10            1,5625e-09  1,3658874e-09            
1,953125e-09  7,474017e-10            1,953125e-09  7,536687e-10            1,953125e-09  1,5594651e-09            
2,34375e-09  6,1030226e-10            2,34375e-09  7,3124243e-10            2,34375e-09  1,3985588e-09            
2,734375e-09  6,0188397e-10            2,734375e-09  7,666218e-10            2,734375e-09  1,1839432e-09            
3,125e-09  6,9003332e-10            3,125e-09  8,006323e-10            3,125e-09  1,5727231e-09            
3,515625e-09  6,3715695e-10            3,515625e-09  6,8051993e-10            3,515625e-09  1,2788967e-09            
3,90625e-09  5,9546386e-10            3,90625e-09  6,8216389e-10            3,90625e-09  1,2392862e-09            
4,296875e-09  6,0411181e-10            4,296875e-09  7,7274608e-10            4,296875e-09  1,5554311e-09            
4,6875e-09  7,0319014e-10            4,6875e-09  7,4560334e-10            4,6875e-09  1,2608353e-09            
5,078125e-09  7,3952707e-10            5,078125e-09  7,7150436e-10            5,078125e-09  1,2789136e-09            
5,46875e-09  7,7583157e-10            5,46875e-09  8,3902061e-10            5,46875e-09  1,5609404e-09            
5,859375e-09  8,7063329e-10            5,859375e-09  8,3864043e-10            5,859375e-09  1,2472205e-09            
6,25e-09  8,6053731e-10            6,25e-09  9,0167376e-10            6,25e-09  1,381128e-09            
6,640625e-09  8,882821e-10            6,640625e-09  9,3877364e-10            6,640625e-09  1,0784928e-09            
7,03125e-09  9,5173323e-10            7,03125e-09  8,7133654e-10            7,03125e-09  1,108769e-09            
7,421875e-09  1,0410166e-09            7,421875e-09  1,0993387e-09            7,421875e-09  1,3655228e-09            
7,8125e-09  1,1157185e-09            7,8125e-09  8,7505133e-10            7,8125e-09  1,2458633e-09            
8,203125e-09  1,0405287e-09            8,203125e-09  1,1376102e-09            8,203125e-09  1,1094476e-09            
8,59375e-09  1,0979633e-09            8,59375e-09  1,0972912e-09            8,59375e-09  1,2723819e-09            
8,984375e-09  1,2434369e-09            8,984375e-09  1,1144949e-09            8,984375e-09  1,0046395e-09            
9,375e-09  1,1923861e-09            9,375e-09  1,3150922e-09            9,375e-09  1,4753952e-09            
9,765625e-09  1,2766442e-09            9,765625e-09  1,0906375e-09            9,765625e-09  9,9266727e-10            
1,015625e-08  1,4100678e-09            1,015625e-08  1,4706631e-09            1,015625e-08  1,3086812e-09            
1,0546875e-08  1,5898374e-09            1,0546875e-08  1,0898344e-09            1,0546875e-08  1,0332458e-09            
1,09375e-08  1,3528162e-09            1,09375e-08  1,5460592e-09            1,09375e-08  1,2754337e-09            
1,1328125e-08  1,5187088e-09            1,1328125e-08  1,2194134e-09            1,1328125e-08  1,2529386e-09            
1,171875e-08  1,7540951e-09            1,171875e-08  1,240114e-09            1,171875e-08  1,153811e-09            
1,2109375e-08  1,4837602e-09            1,2109375e-08  1,2022615e-09            1,2109375e-08  1,4514819e-09            
1,25e-08  1,5209678e-09            1,25e-08  1,5658813e-09            1,25e-08  1,1415884e-09            
1,2890625e-08  1,6352738e-09            1,2890625e-08  1,2500477e-09            1,2890625e-08  1,2592848e-09            
1,328125e-08  1,3850777e-09            1,328125e-08  1,5343556e-09            1,328125e-08  1,0779971e-09            
1,3671875e-08  1,7886999e-09            1,3671875e-08  1,360613e-09            1,3671875e-08  1,2284493e-09            
1,40625e-08  1,4180203e-09            1,40625e-08  1,43095e-09            1,40625e-08  8,7230579e-10            
1,4453125e-08  1,7568316e-09            1,4453125e-08  1,5274346e-09            1,4453125e-08  1,3247263e-09            
1,484375e-08  1,4419802e-09            1,484375e-08  1,2937987e-09            1,484375e-08  1,0938385e-09            
1,5234375e-08  1,8535303e-09            1,5234375e-08  1,5010834e-09            1,5234375e-08  1,5069741e-09            
1,5625e-08  1,5236809e-09            1,5625e-08  1,3101902e-09            1,5625e-08  1,001131e-09            
1,6015625e-08  1,7283874e-09            1,6015625e-08  1,6151636e-09            1,6015625e-08  1,2516606e-09            
1,640625e-08  1,4981601e-09            1,640625e-08  1,1944245e-09            1,640625e-08  1,1698444e-09            
1,6796875e-08  1,7092906e-09            1,6796875e-08  1,8170817e-09            1,6796875e-08  1,1299484e-09            
1,71875e-08  1,4265528e-09            1,71875e-08  1,3605053e-09            1,71875e-08  9,5777836e-10            
1,7578125e-08  1,6525178e-09            1,7578125e-08  1,4472832e-09            1,7578125e-08  1,2469324e-09            
1,796875e-08  1,3487848e-09            1,796875e-08  1,3044747e-09            1,796875e-08  9,8514687e-10            
1,8359375e-08  1,5495119e-09            1,8359375e-08  1,923914e-09            1,8359375e-08  1,2931979e-09            
1,875e-08  1,4178607e-09            1,875e-08  1,312213e-09            1,875e-08  1,1477412e-09            
1,9140625e-08  1,3621155e-09            1,9140625e-08  1,2502618e-09            1,9140625e-08  1,0672485e-09            
1,953125e-08  1,3928563e-09            1,953125e-08  1,287014e-09            1,953125e-08  1,1179853e-09            
1,9921875e-08  1,4549826e-09            1,9921875e-08  1,4431895e-09            1,9921875e-08  1,1654834e-09            
2,03125e-08  1,4073897e-09            2,03125e-08  1,1698833e-09            2,03125e-08  1,1645817e-09            
2,0703125e-08  1,2710506e-09            2,0703125e-08  1,3615109e-09            2,0703125e-08  1,1337527e-09            
2,109375e-08  1,3776338e-09            2,109375e-08  1,2034332e-09            2,109375e-08  1,1434996e-09            
2,1484375e-08  1,4202676e-09            2,1484375e-08  1,4259027e-09            2,1484375e-08  1,1474013e-09            
2,1875e-08  1,2993015e-09            2,1875e-08  1,1059339e-09            2,1875e-08  1,1206491e-09            
2,2265625e-08  1,3886354e-09            2,2265625e-08  1,2754505e-09            2,2265625e-08  1,2410676e-09            
2,265625e-08  1,7284017e-09            2,265625e-08  1,2100622e-09            2,265625e-08  1,2124315e-09            
2,3046875e-08  1,2121097e-09            2,3046875e-08  1,2947355e-09            2,3046875e-08  1,0919999e-09            
2,34375e-08  1,316984e-09            2,34375e-08  1,224789e-09            2,34375e-08  1,1845336e-09            
2,3828125e-08  1,664246e-09            2,3828125e-08  1,2876692e-09            2,3828125e-08  1,1130417e-09            
2,421875e-08  1,3123623e-09            2,421875e-08  1,3313332e-09            2,421875e-08  1,2373178e-09            
2,4609375e-08  1,2911154e-09            2,4609375e-08  1,1657183e-09            2,4609375e-08  1,1132195e-09            
2,5e-08  1,2496598e-09            2,5e-08  1,3791882e-09            2,5e-08  1,0963544e-09            
2,5390625e-08  1,3385345e-09            2,5390625e-08  1,1766525e-09            2,5390625e-08  1,1179243e-09            
2,578125e-08  1,1986285e-09            2,578125e-08  1,1866823e-09            2,578125e-08  1,040434e-09            
2,6171875e-08  1,1436878e-09            2,6171875e-08  1,1640367e-09            2,6171875e-08  1,0907102e-09            
2,65625e-08  1,280917e-09            2,65625e-08  1,1401987e-09            2,65625e-08  9,7566462e-10            
2,6953125e-08  1,3105963e-09            2,6953125e-08  1,1726911e-09            2,6953125e-08  9,9767568e-10            
2,734375e-08  1,2514257e-09            2,734375e-08  1,0789145e-09            2,734375e-08  1,0850932e-09            
2,7734375e-08  1,217192e-09            2,7734375e-08  1,1977462e-09            2,7734375e-08  9,8365213e-10            
2,8125e-08  1,3220171e-09            2,8125e-08  1,2234642e-09            2,8125e-08  9,9420742e-10            
2,8515625e-08  1,2466664e-09            2,8515625e-08  1,2811907e-09            2,8515625e-08  1,1095722e-09            
2,890625e-08  9,8338224e-10            2,890625e-08  1,088542e-09            2,890625e-08  9,8514557e-10            
2,9296875e-08  9,1483317e-10            2,9296875e-08  1,1850149e-09            2,9296875e-08  1,018227e-09            
2,96875e-08  1,0199034e-09            2,96875e-08  1,0892518e-09            2,96875e-08  9,2407538e-10            
3,0078125e-08  6,0213829e-10            3,0078125e-08  9,5760709e-10            3,0078125e-08  9,8417373e-10            
3,046875e-08  5,1734302e-10            3,046875e-08  8,4123547e-10            3,046875e-08  9,3186826e-10            
3,0859375e-08  6,2282977e-10            3,0859375e-08  8,5086952e-10            3,0859375e-08  8,7606599e-10            
3,125e-08  7,9351023e-10            3,125e-08  7,4011096e-10            3,125e-08  8,8719868e-10            
3,1640625e-08  8,9081875e-10            3,1640625e-08  6,7414264e-10            3,1640625e-08  9,9637557e-10            
3,203125e-08  8,9181783e-10            3,203125e-08  9,455856e-10            3,203125e-08  7,042009e-10            
3,2421875e-08  8,5711447e-10            3,2421875e-08  9,8921198e-10            3,2421875e-08  9,9432679e-10            
3,28125e-08  9,9074176e-10            3,28125e-08  8,8785262e-10            3,28125e-08  8,4850415e-10            
3,3203125e-08  8,0512819e-10            3,3203125e-08  9,2476047e-10            3,3203125e-08  9,3671319e-10            
3,359375e-08  8,4500345e-10            3,359375e-08  8,5700158e-10            3,359375e-08  9,1787455e-10            
3,3984375e-08  8,060611e-10            3,3984375e-08  1,0424841e-09            3,3984375e-08  9,2352004e-10            
3,4375e-08  8,6189192e-10            3,4375e-08  8,6021423e-10            3,4375e-08  9,4045393e-10            
