0,1 s             0,2 s             
x       y           x       y           
[m]     [A]         [m]     [A]         
0  9,1409133e-10            0  9,6282108e-10            
7,8084668e-10  8,0525698e-10            7,8084668e-10  9,2713649e-10            
1,5616934e-09  7,8421919e-10            1,5616934e-09  9,0033688e-10            
2,34254e-09  7,7182037e-10            2,34254e-09  9,257856e-10            
3,1233867e-09  8,0810525e-10            3,1233867e-09  9,5344344e-10            
3,9042334e-09  8,3025734e-10            3,9042334e-09  9,6869627e-10            
4,6850801e-09  8,6680047e-10            4,6850801e-09  9,7538396e-10            
5,4659267e-09  8,9473612e-10            5,4659267e-09  9,4013771e-10            
6,2467734e-09  9,0598398e-10            6,2467734e-09  9,3724729e-10            
7,0276201e-09  8,5502997e-10            7,0276201e-09  9,4346226e-10            
7,8084668e-09  8,1295758e-10            7,8084668e-09  9,416989e-10            
8,5893134e-09  7,9500874e-10            8,5893134e-09  9,3426629e-10            
9,3701601e-09  7,9982374e-10            9,3701601e-09  9,4462289e-10            
1,0151007e-08  7,8744382e-10            1,0151007e-08  9,2709229e-10            
1,0931853e-08  7,4017751e-10            1,0931853e-08  8,9454853e-10            
1,17127e-08  7,4948848e-10            1,17127e-08  9,0820769e-10            
1,2493547e-08  7,2733661e-10            1,2493547e-08  9,3088549e-10            
1,3274394e-08  7,0581633e-10            1,3274394e-08  9,5248846e-10            
1,405524e-08  7,0641208e-10            1,405524e-08  9,3630223e-10            
1,4836087e-08  6,8354639e-10            1,4836087e-08  8,8937386e-10            
1,5616934e-08  6,346999e-10            1,5616934e-08  8,6048393e-10            
1,639778e-08  6,6289523e-10            1,639778e-08  8,7797916e-10            
1,7178627e-08  6,5484362e-10            1,7178627e-08  8,6208173e-10            
1,7959474e-08  5,6521072e-10            1,7959474e-08  8,3591633e-10            
1,874032e-08  5,3239605e-10            1,874032e-08  8,4366327e-10            
1,9521167e-08  5,1191926e-10            1,9521167e-08  8,498371e-10            
2,0302014e-08  4,882688e-10            2,0302014e-08  8,4623121e-10            
2,108286e-08  4,4116971e-10            2,108286e-08  8,7757454e-10            
2,1863707e-08  3,9174244e-10            2,1863707e-08  8,1709813e-10            
2,2644554e-08  3,6531961e-10            2,2644554e-08  7,3007045e-10            
2,34254e-08  3,588824e-10            2,34254e-08  8,2197948e-10            
2,4206247e-08  3,4546458e-10            2,4206247e-08  8,189005e-10            
2,4987094e-08  2,8667403e-10            2,4987094e-08  7,7606489e-10            
2,576794e-08  1,9704949e-10            2,576794e-08  7,7401746e-10            
2,6548787e-08  1,2884464e-10            2,6548787e-08  7,4459071e-10            
2,7329634e-08  8,8691162e-11            2,7329634e-08  6,6857253e-10            
2,811048e-08  1,5294678e-10            2,811048e-08  6,7829e-10            
2,8891327e-08  8,6535741e-10            2,8891327e-08  8,1659645e-10            
2,9672174e-08  1,6352781e-09            2,9672174e-08  9,172879e-10            
3,045302e-08  1,5595748e-09            3,045302e-08  1,0810268e-09            
3,1233867e-08  1,3899612e-09            3,1233867e-08  1,1513119e-09            
3,2014714e-08  1,4274944e-09            3,2014714e-08  1,005186e-09            
3,279556e-08  1,4409379e-09            3,279556e-08  1,0306361e-09            
3,3576407e-08  1,3946151e-09            3,3576407e-08  1,0886857e-09            
3,4357254e-08  1,4257798e-09            3,4357254e-08  1,0934707e-09            
3,51381e-08  1,4696455e-09            3,51381e-08  1,0359157e-09            
3,5918947e-08  1,4166244e-09            3,5918947e-08  1,0890332e-09            
3,6699794e-08  1,3461911e-09            3,6699794e-08  1,0783359e-09            
3,748064e-08  1,4398992e-09            3,748064e-08  1,0492081e-09            
3,8261487e-08  1,4921165e-09            3,8261487e-08  1,1757478e-09            
3,9042334e-08  1,3641552e-09            3,9042334e-08  1,1863827e-09            
3,9823181e-08  1,4040875e-09            3,9823181e-08  1,1413053e-09            
4,0604027e-08  1,4568195e-09            4,0604027e-08  1,1438269e-09            
4,1384874e-08  1,4634547e-09            4,1384874e-08  1,1671937e-09            
4,2165721e-08  1,5012841e-09            4,2165721e-08  1,167267e-09            
4,2946567e-08  1,5018685e-09            4,2946567e-08  1,1866562e-09            
4,3727414e-08  1,5332278e-09            4,3727414e-08  1,2130252e-09            
4,4508261e-08  1,5380249e-09            4,4508261e-08  1,2279493e-09            
4,5289107e-08  1,5526901e-09            4,5289107e-08  1,1704312e-09            
4,6069954e-08  1,6312842e-09            4,6069954e-08  1,1341445e-09            
4,6850801e-08  1,7101346e-09            4,6850801e-08  1,248189e-09            
4,7631647e-08  1,73429e-09            4,7631647e-08  1,3118479e-09            
4,8412494e-08  1,6693418e-09            4,8412494e-08  1,2768707e-09            
4,9193341e-08  1,5962519e-09            4,9193341e-08  1,1935175e-09            
4,9974187e-08  1,527968e-09            4,9974187e-08  1,1533316e-09            
5,0755034e-08  1,4999395e-09            5,0755034e-08  1,1746155e-09            
5,1535881e-08  1,4436742e-09            5,1535881e-08  1,1906466e-09            
5,2316727e-08  1,5040463e-09            5,2316727e-08  1,2412138e-09            
5,3097574e-08  1,6432875e-09            5,3097574e-08  1,2367919e-09            
5,3878421e-08  1,6212976e-09            5,3878421e-08  1,2161709e-09            
5,4659267e-08  1,4959714e-09            5,4659267e-08  1,2120478e-09            
5,5440114e-08  1,3969048e-09            5,5440114e-08  1,1787358e-09            
5,6220961e-08  1,4233417e-09            5,6220961e-08  1,1821312e-09            
5,7001807e-08  1,4079273e-09            5,7001807e-08  1,169619e-09            
5,7782654e-08  1,3804526e-09            5,7782654e-08  1,1273324e-09            
5,8563501e-08  1,371273e-09            5,8563501e-08  1,1712723e-09            
5,9344347e-08  1,3637981e-09            5,9344347e-08  1,2169863e-09            
6,0125194e-08  1,3215267e-09            6,0125194e-08  1,1761708e-09            
6,0906041e-08  1,2160594e-09            6,0906041e-08  1,150594e-09            
6,1686887e-08  1,2296286e-09            6,1686887e-08  1,184016e-09            
6,2467734e-08  1,2648041e-09            6,2467734e-08  1,1091935e-09            
6,3248581e-08  1,1593004e-09            6,3248581e-08  1,0879287e-09            
6,4029427e-08  1,0876849e-09            6,4029427e-08  1,1710984e-09            
6,4810274e-08  1,1074852e-09            6,4810274e-08  1,1334968e-09            
6,5591121e-08  1,0903252e-09            6,5591121e-08  1,1009635e-09            
6,6371968e-08  1,0507787e-09            6,6371968e-08  1,0919575e-09            
6,7152814e-08  1,0063999e-09            6,7152814e-08  1,0661513e-09            
6,7933661e-08  9,414862e-10            6,7933661e-08  1,0815376e-09            
6,8714508e-08  9,5741055e-10            6,8714508e-08  1,1086902e-09            
6,9495354e-08  1,0326548e-09            6,9495354e-08  1,0493639e-09            
7,0276201e-08  9,5279069e-10            7,0276201e-08  9,8868811e-10            
7,1057048e-08  8,6385663e-10            7,1057048e-08  9,9392428e-10            
7,1837894e-08  8,370626e-10            7,1837894e-08  9,5244034e-10            
7,2618741e-08  8,9716887e-10            7,2618741e-08  9,0538503e-10            
7,3399588e-08  8,8279279e-10            7,3399588e-08  8,6692091e-10            
7,4180434e-08  8,0295253e-10            7,4180434e-08  8,9049971e-10            
7,4961281e-08  8,121926e-10            7,4961281e-08  9,0762106e-10            
7,5742128e-08  7,8071655e-10            7,5742128e-08  8,9274947e-10            
7,6522974e-08  7,0885948e-10            7,6522974e-08  8,7852364e-10            
7,7303821e-08  6,9207411e-10            7,7303821e-08  8,7412229e-10            
7,8084668e-08  7,1763223e-10            7,8084668e-08  8,5991451e-10            
7,8865514e-08  7,3126652e-10            7,8865514e-08  8,4344282e-10            
7,9646361e-08  7,5820713e-10            7,9646361e-08  8,3842648e-10            
8,0427208e-08  7,2201784e-10            8,0427208e-08  8,6475468e-10            
8,1208054e-08  7,4803825e-10            8,1208054e-08  8,5643037e-10            
8,1988901e-08  7,0866675e-10            8,1988901e-08  8,4780137e-10            
8,2769748e-08  6,9622249e-10            8,2769748e-08  8,3761909e-10            
8,3550594e-08  7,2128444e-10            8,3550594e-08  7,9473685e-10            
8,4331441e-08  7,1069551e-10            8,4331441e-08  8,2147224e-10            
8,5112288e-08  7,0885173e-10            8,5112288e-08  8,3761005e-10            
8,5893134e-08  7,382024e-10            8,5893134e-08  8,0806654e-10            
8,6673981e-08  6,9391607e-10            8,6673981e-08  7,5975239e-10            
8,7454828e-08  6,1869907e-10            8,7454828e-08  7,9089011e-10            
8,8235674e-08  6,1168549e-10            8,8235674e-08  7,9603312e-10            
8,9016521e-08  6,2277006e-10            8,9016521e-08  7,1048134e-10            
8,9797368e-08  6,3471146e-10            8,9797368e-08  6,7656874e-10            
