#Johnson Noise bandwith dependence Resistor 10 Ohm (9.7)at 77.5K (N2)
# delta_Frequenzy[f1-f2] Gain3 V_sq1 V_sq2 V_sq3 Out
330 100 3000 819 657 794 493
330 10 2000 540 605 453 331
1000 300 2000 714 823 744 548
1000 30 1500 653 659 680 461
3300 100 1000 887 866 856 599
10000 1000 600 844 807 795 559
10000 300 500 608 602 593 427
33000 3000 300 652 651 638 467
33000 1000 300 728 734 716 496
100000 3000 200 816 757 797 576
100000 100 150 483 450 496 345
100000 10 200 864 859 842 594

