#all Gain3data  real Gain= V_out/V_in
#Gain3 V_out V_in
10 8,65 0,870
15 8,19 0,552
20 6,52 0,333
30 7,89 0,270
40 5,43 0,142
50 6,78 0,141
60 6,19 0,101
80 6,22 0,101
100 6,84 0,0676
100 6,78 0,0683
150 5,11 0,0347
200 6,81 0,0345
300 1,1 0,0331
400 1,34 0,0033
500 1,67 0,0034
600 2,02 0,0034
800 2,68 0,0034
1000 3,36 0,0034
1000 3,35 0,0034
1500 5,03 0,0034
2000 6,69 0,0034
3000 3,53 0,00133
4000 5,17 0,0013
5000 6,49 0,0013
6000 7,79 0,0013
8000 9,93 0,0013
10000 10,7 0,0013
