RAW DATA:

dataPD:
 [[ 866.  775.  681.  603.  477.  388.  292.  191.]
 [ 873.  772.  665.  559.  458.  379.  257.  173.]
 [ 882.  790.  695.  614.  506.  402.  293.  196.]
 [ 906.  804.  675.  583.  495.  390.  261.  152.]
 [ 874.  775.  694.  609.  490.  391.  298.  174.]
 [ 895.  811.  705.  622.  496.  405.  305.  208.]
 [ 868.  755.  662.  569.  468.  360.  264.  150.]]
dataJO:
 [[ 880.  779.  672.  590.  484.  369.  274.  170.]
 [ 862.  763.  663.  561.  475.  353.  258.  165.]
 [ 870.  755.  672.  584.  480.  383.  275.  159.]
 [ 889.  766.  676.  565.  484.  398.  274.  173.]
 [ 887.  789.  687.  570.  466.  360.  253.  147.]
 [ 889.  797.  679.  581.  477.  389.  289.  176.]
 [ 896.  786.  687.  594.  490.  387.  294.  184.]
 [ 887.  782.  690.  591.  494.  376.  284.  163.]]
8 7
779.0 64 (8, 8)
shifted Data:
 [[ 896.  795.  688.  606.  500.  385.  290.  186.]
 [ 896.  797.  697.  595.  509.  387.  292.  199.]
 [ 896.  781.  698.  610.  506.  409.  301.  185.]
 [ 896.  773.  683.  572.  491.  405.  281.  180.]
 [ 896.  798.  696.  579.  475.  369.  262.  156.]
 [ 896.  804.  686.  588.  484.  396.  296.  183.]
 [ 896.  786.  687.  594.  490.  387.  294.  184.]
 [ 887.  782.  690.  591.  494.  376.  284.  163.]] [[ 906.  815.  721.  643.  517.  428.  332.  231.]
 [ 906.  805.  698.  592.  491.  412.  290.  206.]
 [ 906.  814.  719.  638.  530.  426.  317.  220.]
 [ 906.  804.  675.  583.  495.  390.  261.  152.]
 [ 906.  807.  726.  641.  522.  423.  330.  206.]
 [ 906.  822.  716.  633.  507.  416.  316.  219.]
 [ 906.  793.  700.  607.  506.  398.  302.  188.]]
means,stds (JD):
 [ 906.          808.57142857  707.85714286  619.57142857  509.71428571
  413.28571429  306.85714286  203.14285714] [ 6.19617968  3.07557859  5.87193255  8.21987388  4.63570878  4.7385738
  8.19936533  8.63222487]
means,stds (JO):
 [ 894.875  789.5    690.625  591.875  493.625  389.25   287.5    179.5  ] [ 3.75864761  3.49553286  1.87030663  4.18119862  3.72884659  4.50260341
  4.00780489  4.52424027]
============================================================
Gruppe 1/PD:
residuen() exec time:  2.778282403945923
DeltaN/DeltaP = -2.700554E-07, err = 2.437636E-09(stat) +/- -8.778846E-10(sys)
Abweichung: 1.758
Chi²/ndf = 0.524
Steigung: -99.680 +/- 0.900
Achsenabschnitt: 1008.195 +/- 3.815
============================================================
Gruppe 2/JO:
residuen() exec time:  2.705324649810791
DeltaN/DeltaP = -2.644013E-07, err = 1.548774E-09(stat) +/- -9.253496E-10(sys)
Abweichung: 0.609
Chi²/ndf = 0.762
Steigung: -101.210 +/- 0.593
Achsenabschnitt: 994.858 +/- 2.566
