#single 0 single 1 Coincidence01
38572 37366 689
41299 38992 720
40657 38161 726
38422 36940 616
37453 36459 635
37811 36633 612
37538 36529 628
38042 36554 537
37722 36496 469
38359 37209 510
38395 37065 396
38026 36491 387
37772 36181 322
37304 36278 277
38080 37147 313
37757 36624 223
38100 36830 194
36900 35718 170
37060 36294 159
35735 34979 133
35216 34965 127
36416 35476 167
36179 35696 216
36214 35724 201
36772 35836 254
36846 36331 296
36813 35845 393
37791 36337 405
38778 37149 578
37253 36397 554
37839 36429 561
37906 36530 609
38164 37046 568
39129 37359 614
38225 37083 665
