#single 0 single 1 Coincidence01
35917 34492 683
38051 35853 670
38731 36405 696
38647 36386 670
37226 35211 595
37514 35297 498
38117 35672 484
38714 36453 463
36107 34521 330
36864 35293 347
39219 36720 276
38808 36022 217
36574 34704 143
39501 36762 159
38235 36224 140
39838 37035 238
38658 36076 197
38272 36179 293
35223 34200 251
36616 34823 324
39049 36181 496
39289 36866 570
34870 34138 488
36998 35211 586
38393 36185 639
39056 36574 716
37919 36231 686
34389 33846 605
37724 35495 651
36266 34878 665
35307 33699 647
37873 35439 702
