# Counting time 10s
# Voltage (V) Counts (N)
110 0
120 8
130 37
140 97
150 151
160 226
170 313
180 436
190 535
200 667
210 700
220 843
230 945
240 1045
250 1150
260 1212
270 1370
280 1441
290 1544
300 1616
310 1685
320 1765
330 1870
340 1919
350 2007
360 2069
370 2108
380 2168
390 2218
400 2268
410 2311
420 2364
430 2378
440 2436
450 2461
460 2496
470 2571
480 2548
490 2537
500 2603
510 2618
520 2641
530 2690
540 2643
550 2723
560 2682
570 2779
580 2790
590 2773
600 2828
610 2806
620 2786
630 2888
640 2789
650 2894