# Counting time: 10s
# Oscilloscope average: 128
# Oscilloscope binning: 1mV
# Error due to fluctuations: 2mV (0-1000V), 5mV (1050-2000V)
# Voltage (V) Counts (N) Height (mV)
0 1801 150
50 2030 152
100 2295 152
150 2562 153
200 3013 154
250 3703 155
300 4812 154
350 6088 154
400 7844 157
450 9410 162
500 11195 165
550 11873 170
600 12532 176
650 12534 178
700 12859 178
750 13219 178
800 13274 178
850 14624 179
900 14683 179
950 15372 181
1000 14909 182
1050 20034 186 # 20555 186
1100 23491 184 # 23777 183
1150 29724 179 # 31006 178
1180 33569 172
1200 33920 169 # 34589 169
1220 32854 170
1250 31117 156 # 30151 162
1300 31320 154 # 30655 148
1350 30450 143 # 29886 146
1400 31004 142
1450 30257 140
1500 30168 146
1550 31181 148
1600 32275 151
1650 34431 156
1700 43837 164
1750 143826 170 # +- 15
1800 449424 145
1850 329980 169
1900 365169 182
1950 591464 186
2000 491672 188